File ADT# Time#1       Time#2       Time#3      Ignore
File1 1   0.060276     0.053819     0.053532     0      
File2 1   73.9704     73.377     73.3614     0      
File3 1   0.041992     0.038394     0.037542     0      
File4 1   48.4649     48.1956     48.211     0      
File1 2   0.039841     0.037563     0.03751     0      
File2 2   342.878     342.126     342.818     0      
File3 2   0.053573     0.048772     0.048758     0      
File4 2   172.607     208.42     207.857     1e-06      
File1 3   0.032802     0.032232     0.03198     0      
File2 3   0.031091     0.030581     0.030425     0      
File3 3   0.032102     0.031483     0.030575     0      
File4 3   0.035066     0.03411     0.032606     0      
File1 4   0.045851     0.045568     0.045576     0      
File2 4   0.036368     0.036213     0.036305     1.2e-05      
File3 4   0.036665     0.036206     0.036199     0      
File4 4   0.039455     0.038634     0.038752     0      
File1 5   0.033876     0.033224     0.032675     0      
File2 5   0.033023     0.03238     0.032099     0      
File3 5   0.033741     0.03297     0.032127     0      
File4 5   0.035637     0.034635     0.034414     0      
File1 6   0.143875     0.146164     0.148562     0      
File2 6   0.111638     0.109829     0.112652     0      
File3 6   0.128556     0.125547     0.126286     1e-06      
File4 6   0.317571     0.32901     0.33372     0      
